---
poses:
- x: 32.5
  y: 9.0
  heading: 0.0
- x: -39.5
  y: 63.0
  heading: 0.0
constraints:
  maxVel: 25.0
  maxAccel: 40.0
  maxJerk: 0.0
  maxAngVel: 3.141592653589793
  maxAngAccel: 6.283185307179586
  maxAngJerk: 0.0
resolution: 0.25
