---
poses:
- x: 28.0
  y: -61.0
  heading: 0.0
- x: 23.0
  y: -46.5
  heading: 0.0
- x: 18.0
  y: -32.0
  heading: 0.0
constraints:
  maxVel: 25.0
  maxAccel: 40.0
  maxJerk: 0.0
  maxAngVel: 3.141592653589793
  maxAngAccel: 6.283185307179586
  maxAngJerk: 0.0
resolution: 0.25
